OK 1
1
1
1
1
1
1
1
0
1
1
1
1
4
1
37
1
1
1
1
1
1
0
0
3
0
1
0
1
1
1
1
0
1
0
1
1
1
1
0
1
0
1
0
8
.441...
2..2.21
.33.134
1.3.2.1
..4..31
1.41.2.
242...4
1
0
21
0
7
0
0
.441...
2..2.21
.33.134
1.322.1
..4..31
1.41.2.
242...4
0
0
0
0
21
0
1
0
1
6
0
1
0
1
0
0
0
0
0
1
0
1
0
0
1
7
1
10
0
1
0
0
.441...
2.32.21
2331134
1.32241
.34..31
1241.2.
242.1.4
1
13
0
7
0
0
0
0
7
.441...
2.32.21
2331134
1.32241
234..31
1241.2.
242.1.4
0
0
0
0
1
1
0
0
0
7
0
0
0
0
1
0
11
0
0
0
0
.441..4
2.32.21
2331134
1.32241
2311.31
1241.2.
242.1.4
0
0
0
1
0
0
0
0
1
0
0
8
1
0
11
0
0
1
1
1
0
1
0
0
0
0
1
9
8
0
13
0
0
0
0
0
1
0
9
1
0
0
1
0
0
0
1
0
